evaluations raw_y x0 x1
1 1246.0760127448 -5.000000 -5.000000
2 371.5498553082 0.000000 0.000000
3 488.3584407871 2.500000 -2.500000
4 1305.3030151701 -2.500000 2.500000
5 589.2629189102 -1.250000 -1.250000
6 335.5320898610 3.750000 3.750000
7 270.6141701695 1.250000 -3.750000
8 1515.4541678442 -3.750000 1.250000
9 1026.7002194785 -3.120000 -1.880000
10 164.5740150539 1.880000 3.120000
11 1175.8562860601 4.380000 -4.380000
12 594.4124829233 -0.620000 0.620000
13 594.2200572706 -1.880000 -3.120000
14 302.3699550010 3.120000 1.880000
15 154.4309050750 0.620000 -0.620000
16 2069.0043001186 -4.380000 4.380000
17 1434.1587623981 -4.060000 -0.310000
18 587.8340908254 0.940000 4.690000
19 765.5466177202 3.440000 -2.810000
20 1009.7717922689 -1.560000 2.190000
21 123.3966437129 -0.310000 -4.060000
22 768.3583117178 4.690000 0.940000
23 326.9432556500 2.190000 -1.560000
24 1500.9479365283 -2.810000 3.440000
25 972.1723511866 -3.440000 -3.440000
26 100.7028810699 1.560000 1.560000
27 760.9622196547 4.060000 -0.940000
28 1043.8933057696 -0.940000 4.060000
29 753.3865079002 -2.190000 -2.190000
30 164.6633564485 2.810000 2.810000
31 107.2738438265 0.310000 -4.690000
32 1673.8911998164 -4.690000 0.310000
33 1359.6842827609 -4.530000 -2.340000
34 501.4730776645 0.470000 2.660000
35 837.4158599791 2.970000 -4.840000
36 929.3540458698 -2.030000 0.160000
37 276.1615906336 -0.780000 -3.590000
38 612.3262536579 4.220000 1.410000
39 168.0679190813 1.720000 -1.090000
40 1691.6696943394 -3.280000 3.910000
41 706.4479186767 -2.660000 -4.220000
42 184.7278786787 2.340000 0.780000
43 1036.8461733442 4.840000 -1.720000
44 739.5948475095 -0.160000 3.280000
45 702.5614560466 -1.410000 -0.470000
46 250.5098134473 3.590000 4.530000
47 159.8657980032 1.090000 -2.970000
48 1648.1848250814 -3.910000 2.030000
49 1246.9874531011 -4.220000 -2.660000
50 384.9552478223 0.780000 2.340000
51 494.1689353699 3.280000 -0.160000
52 1357.2824334345 -1.720000 4.840000
53 371.1651795680 -0.470000 -1.410000
54 536.7075469300 4.530000 3.590000
55 492.5501779029 2.030000 -3.910000
56 1281.6750162213 -2.970000 1.090000
57 1258.3593382350 -3.590000 -0.780000
58 406.3481096447 1.410000 4.220000
59 936.5010094282 3.910000 -3.280000
60 831.1290895970 -1.090000 1.720000
61 600.8234394215 -2.340000 -4.530000
62 287.8449683063 2.660000 0.470000
63 157.2447345848 0.160000 -2.030000
64 2025.0184302820 -4.840000 2.970000
65 1555.1312321757 -4.770000 -1.020000
66 707.4153759895 0.230000 3.980000
67 642.7788947614 2.730000 -3.520000
68 1130.0486697397 -2.270000 1.480000
69 250.8118616010 -1.020000 -4.770000
70 642.7474137488 3.980000 0.230000
71 202.0279499877 1.480000 -2.270000
72 1619.0772312956 -3.520000 2.730000
73 875.8311426650 -2.890000 -2.890000
74 37.6456234667 2.110000 2.110000
75 857.2999164115 4.610000 -0.390000
76 951.9570162781 -0.390000 4.610000
77 657.3147189341 -1.640000 -1.640000
78 264.5977135690 3.360000 3.360000
79 202.8032819170 0.860000 -4.140000
80 1581.1466516586 -4.140000 0.860000
81 1040.5588584720 -3.830000 -3.830000
82 168.3252165253 1.170000 1.170000
83 692.7218668337 3.670000 -1.330000
84 1109.1563250156 -1.330000 3.670000
85 385.4651512548 -0.080000 -0.080000
86 548.6928511535 4.920000 4.920000
87 474.4044673437 2.420000 -2.580000
88 1318.7343488173 -2.580000 2.420000
89 1041.4961637219 -3.200000 -1.950000
90 179.2834984636 1.800000 3.050000
91 1161.2161564637 4.300000 -4.450000
92 609.1651967498 -0.700000 0.550000
93 605.7551155982 -1.950000 -3.200000
94 290.4619770196 3.050000 1.800000
95 165.8622376983 0.550000 -0.700000
96 2079.1546552138 -4.450000 4.300000
97 1258.6689613373 -4.610000 -3.670000
98 391.5144577743 0.390000 1.330000
99 475.8773610071 2.890000 -1.170000
100 1348.0269785452 -2.110000 3.830000
101 388.1928710826 -0.860000 -2.420000
102 507.9474910044 4.140000 2.580000
103 484.7270851027 1.640000 -4.920000
104 1282.8880428947 -3.360000 0.080000
105 1048.6233165132 -2.730000 -0.550000
106 193.8687659622 2.270000 4.450000
107 1146.2601668763 4.770000 -3.050000
108 620.0214068948 -0.230000 1.950000
109 400.2430238553 -1.480000 -4.300000
110 488.4485195988 3.520000 0.700000
111 44.9111264353 1.020000 -1.800000
112 1806.1268024046 -3.980000 3.200000
113 1381.1253098696 -4.300000 -1.480000
114 527.7931890278 0.700000 3.520000
115 813.5543981753 3.200000 -3.980000
116 953.2346151058 -1.800000 1.020000
117 283.7586268114 -0.550000 -2.730000
118 607.1878670396 4.450000 2.270000
119 160.4899903356 1.950000 -0.230000
120 1731.8337966336 -3.050000 4.770000
121 934.5514778414 -3.670000 -4.610000
122 56.0238602429 1.330000 0.390000
123 804.4674198540 3.830000 -2.110000
124 977.4228486323 -1.170000 2.890000
125 935.5272361903 -2.420000 -0.860000
126 77.0219778191 2.580000 4.140000
127 75.9455967598 0.080000 -3.360000
128 1888.4959298272 -4.920000 1.640000
129 1518.2782539804 -4.880000 -1.680000
130 666.4807822308 0.120000 3.320000
131 676.6448098030 2.620000 -4.180000
132 1091.1548837627 -2.380000 0.820000
133 416.5571332851 -1.130000 -2.930000
134 476.1673653967 3.870000 2.070000
135 28.7021641466 1.370000 -0.430000
136 1874.8758274737 -3.630000 4.570000
137 750.5912046991 -3.010000 -4.800000
138 138.7135915399 1.990000 0.200000
139 997.9407215640 4.490000 -2.300000
140 774.3267786114 -0.510000 2.700000
141 741.9990646088 -1.760000 -1.050000
142 199.7898488482 3.240000 3.950000
143 118.5571883246 0.740000 -3.550000
144 1680.5135982850 -4.260000 1.450000
145 1123.1602391177 -3.950000 -3.240000
146 255.6822250910 1.050000 1.760000
147 611.1484361323 3.550000 -0.740000
148 1211.1959345330 -1.450000 4.260000
149 253.0217992957 -0.200000 -1.990000
150 642.5574052333 4.800000 3.010000
151 620.6593211243 2.300000 -4.490000
152 1146.7181597788 -2.700000 0.510000
153 1251.4659423565 -3.320000 -0.120000
154 402.7251579267 1.680000 4.880000
155 945.3743301071 4.180000 -2.620000
156 825.8709157987 -0.820000 2.380000
157 583.0152114096 -2.070000 -3.870000
158 307.6331211186 2.930000 1.130000
159 141.0717286532 0.430000 -1.370000
160 2029.0398665369 -4.570000 3.630000
161 1148.2819186947 -4.410000 -4.340000
162 275.4038626130 0.590000 0.660000
163 585.2147077833 3.090000 -1.840000
164 1214.2453966976 -1.910000 3.160000
165 492.7049008762 -0.660000 -0.590000
166 438.7128070961 4.340000 4.410000
167 367.0584118270 1.840000 -3.090000
168 1423.9845240330 -3.160000 1.910000
169 821.5512262010 -2.540000 -2.460000
170 96.0712871501 2.460000 2.540000
171 1398.6162570490 4.960000 -4.960000
172 385.7547629753 -0.040000 0.040000
173 396.5096060917 -1.290000 -3.710000
174 492.2982973083 3.710000 1.290000
175 47.1689124813 1.210000 -1.210000
176 1823.6459373964 -3.790000 3.790000
177 1384.7528873630 -4.100000 -0.900000
178 534.4837592733 0.900000 4.100000
179 810.8903591496 3.400000 -3.400000
180 958.3936889752 -1.600000 1.600000
181 92.2580349526 -0.350000 -4.650000
182 805.6407361304 4.650000 0.350000
183 366.1979083212 2.150000 -2.150000
184 1443.4807444764 -2.850000 2.850000
185 1041.2001267625 -3.480000 -2.770000
186 174.6430377616 1.520000 2.230000
187 693.8412064695 4.020000 -0.270000
188 1133.0000257125 -0.980000 4.730000
189 823.6423787551 -2.230000 -1.520000
190 113.9370017933 2.770000 3.480000
191 36.4685448044 0.270000 -4.020000
192 1759.3136339224 -4.730000 0.980000
193 1368.8115403815 -4.800000 -3.010000
194 507.2595987624 0.200000 1.990000
195 373.2392478915 2.700000 -0.510000
196 1481.0695580029 -2.300000 4.490000
197 492.4880118640 -1.050000 -1.760000
198 416.7593780955 3.950000 3.240000
199 370.6389717805 1.450000 -4.260000
200 1404.4806221457 -3.550000 0.740000
201 1046.3980776616 -2.930000 -1.130000
202 188.5805343586 2.070000 3.870000
203 1150.3265445438 4.570000 -3.630000
204 616.2646716672 -0.430000 1.370000
205 408.2402655209 -1.680000 -4.880000
206 482.2924167491 3.320000 0.120000
207 40.2865199616 0.820000 -2.380000
208 1793.6790830358 -4.180000 2.620000
209 1208.7618347333 -3.870000 -2.070000
210 349.1024413786 1.130000 2.930000
211 989.9920182743 3.630000 -4.570000
212 777.7075037131 -1.370000 0.430000
213 129.3482549044 -0.120000 -3.320000
214 759.3451113964 4.880000 1.680000
215 315.8108709489 2.380000 -0.820000
216 1535.1899457552 -2.620000 4.180000
217 877.4117512695 -3.240000 -3.950000
218 21.2222812653 1.760000 1.050000
219 858.4024536707 4.260000 -1.450000
220 930.3351924762 -0.740000 3.550000
221 883.4135448263 -1.990000 -0.200000
222 96.8924722209 3.010000 4.800000
223 16.2391077378 0.510000 -2.700000
224 1843.9750361212 -4.490000 2.300000
225 1591.9876297057 -4.650000 -0.350000
226 748.3729832325 0.350000 4.650000
227 612.3493595155 2.850000 -2.850000
228 1168.9556721262 -2.150000 2.150000
229 268.6750494072 -0.900000 -4.100000
230 620.6995532673 4.100000 0.900000
231 177.9294846498 1.600000 -1.600000
232 1664.3153035900 -3.400000 3.400000
233 794.6441478178 -2.770000 -3.480000
234 105.9508390148 2.230000 1.520000
235 940.2877329114 4.730000 -0.980000
236 851.3317925592 -0.270000 4.020000
237 574.9388171069 -1.520000 -2.230000
238 331.7140221371 3.480000 2.770000
239 289.3578193568 0.980000 -4.730000
240 1484.0881488796 -4.020000 0.270000
241 1124.1853162484 -4.340000 -4.410000
242 250.4603261427 0.660000 0.590000
243 609.7239861497 3.160000 -1.910000
244 1186.6870227096 -1.840000 3.090000
245 467.9730979120 -0.590000 -0.660000
246 459.9720474268 4.410000 4.340000
247 391.7794236994 1.910000 -3.160000
248 1396.6378835510 -3.090000 1.840000
249 1240.5434710457 -3.710000 -1.290000
250 385.5557105371 1.290000 3.710000
251 954.4128325977 3.790000 -3.790000
252 811.8249564485 -1.210000 1.210000
253 793.6492802521 -2.460000 -2.540000
254 120.7305335383 2.540000 2.460000
255 357.3688547270 0.040000 -0.040000
256 2315.2738429224 -4.960000 4.960000
257 1707.4054538634 -4.940000 -0.020000
258 867.5807035094 0.060000 4.980000
259 505.9231409358 2.560000 -2.520000
260 1286.2684443435 -2.440000 2.480000
261 366.5413956203 -1.190000 -3.770000
262 522.0187753954 3.810000 1.230000
263 77.3537587183 1.310000 -1.270000
264 1787.4785684556 -3.690000 3.730000
265 901.3309743062 -3.070000 -3.140000
266 30.0944411853 1.930000 1.860000
267 831.7827527594 4.430000 -0.640000
268 974.0040392549 -0.570000 4.360000
269 682.6033652688 -1.820000 -1.890000
270 236.2612971719 3.180000 3.110000
271 177.9196741843 0.680000 -4.390000
272 1603.8272305548 -4.320000 0.610000
273 1011.4318931732 -4.000000 -4.710000
274 133.8743929715 1.000000 0.290000
275 726.1753810080 3.500000 -2.210000
276 1058.2685371748 -1.500000 2.790000
277 352.3452922648 -0.250000 -0.960000
278 561.7165073495 4.750000 4.040000
279 509.1889460817 2.250000 -3.460000
280 1269.1775255402 -2.750000 1.540000
281 1124.0822030751 -3.380000 -1.580000
282 265.3829230451 1.620000 3.420000
283 1073.5274492088 4.120000 -4.080000
284 693.5079287172 -0.880000 0.920000
285 682.9175143548 -2.130000 -2.830000
286 220.8008841687 2.870000 2.170000
287 244.7813290691 0.370000 -0.330000
288 2179.7683089710 -4.630000 4.670000
289 1311.6471467969 -4.470000 -2.680000
290 450.7418121108 0.530000 2.320000
291 431.6821974739 3.030000 -0.180000
292 1426.5481158363 -1.970000 4.820000
293 434.6487495035 -0.720000 -1.430000
294 476.5238033869 4.280000 3.570000
295 427.7604456539 1.780000 -3.930000
296 1348.6377042701 -3.220000 1.070000
297 989.4801543659 -2.600000 -0.800000
298 132.3092179959 2.400000 4.200000
299 1206.6963164636 4.900000 -3.300000
300 559.6700518380 -0.100000 1.700000
