evaluations raw_y x0 x1
1 110.0000000000 -5.000000 -5.000000
2 55.0000000000 0.000000 0.000000
3 77.5000000000 2.500000 -2.500000
4 32.5000000000 -2.500000 2.500000
5 68.7500000000 -1.250000 -1.250000
6 13.7500000000 3.750000 3.750000
7 91.2500000000 1.250000 -3.750000
8 46.2500000000 -3.750000 1.250000
9 76.9200000000 -3.120000 -1.880000
10 21.9200000000 1.880000 3.120000
11 94.4200000000 4.380000 -4.380000
12 49.4200000000 -0.620000 0.620000
13 88.0800000000 -1.880000 -3.120000
14 33.0800000000 3.120000 1.880000
15 60.5800000000 0.620000 -0.620000
16 15.5800000000 -4.380000 4.380000
17 62.1600000000 -4.060000 -0.310000
18 7.1600000000 0.940000 4.690000
19 79.6600000000 3.440000 -2.810000
20 34.6600000000 -1.560000 2.190000
21 95.9100000000 -0.310000 -4.060000
22 40.9100000000 4.690000 0.940000
23 68.4100000000 2.190000 -1.560000
24 23.4100000000 -2.810000 3.440000
25 92.8400000000 -3.440000 -3.440000
26 37.8400000000 1.560000 1.560000
27 60.3400000000 4.060000 -0.940000
28 15.3400000000 -0.940000 4.060000
29 79.0900000000 -2.190000 -2.190000
30 24.0900000000 2.810000 2.810000
31 101.5900000000 0.310000 -4.690000
32 56.5900000000 -4.690000 0.310000
33 82.9300000000 -4.530000 -2.340000
34 27.9300000000 0.470000 2.660000
35 100.4300000000 2.970000 -4.840000
36 55.4300000000 -2.030000 0.160000
37 91.6800000000 -0.780000 -3.590000
38 36.6800000000 4.220000 1.410000
39 64.1800000000 1.720000 -1.090000
40 19.1800000000 -3.280000 3.910000
41 99.8600000000 -2.660000 -4.220000
42 44.8600000000 2.340000 0.780000
43 67.3600000000 4.840000 -1.720000
44 22.3600000000 -0.160000 3.280000
45 61.1100000000 -1.410000 -0.470000
46 6.1100000000 3.590000 4.530000
47 83.6100000000 1.090000 -2.970000
48 38.6100000000 -3.910000 2.030000
49 85.8200000000 -4.220000 -2.660000
50 30.8200000000 0.780000 2.340000
51 53.3200000000 3.280000 -0.160000
52 8.3200000000 -1.720000 4.840000
53 69.5700000000 -0.470000 -1.410000
54 14.5700000000 4.530000 3.590000
55 92.0700000000 2.030000 -3.910000
56 47.0700000000 -2.970000 1.090000
57 66.3900000000 -3.590000 -0.780000
58 11.3900000000 1.410000 4.220000
59 83.8900000000 3.910000 -3.280000
60 38.8900000000 -1.090000 1.720000
61 102.6400000000 -2.340000 -4.530000
62 47.6400000000 2.660000 0.470000
63 75.1400000000 0.160000 -2.030000
64 30.1400000000 -4.840000 2.970000
65 69.9700000000 -4.770000 -1.020000
66 14.9700000000 0.230000 3.980000
67 87.4700000000 2.730000 -3.520000
68 42.4700000000 -2.270000 1.480000
69 103.7200000000 -1.020000 -4.770000
70 48.7200000000 3.980000 0.230000
71 76.2200000000 1.480000 -2.270000
72 31.2200000000 -3.520000 2.730000
73 86.7900000000 -2.890000 -2.890000
74 31.7900000000 2.110000 2.110000
75 54.2900000000 4.610000 -0.390000
76 9.2900000000 -0.390000 4.610000
77 73.0400000000 -1.640000 -1.640000
78 18.0400000000 3.360000 3.360000
79 95.5400000000 0.860000 -4.140000
80 50.5400000000 -4.140000 0.860000
81 97.1300000000 -3.830000 -3.830000
82 42.1300000000 1.170000 1.170000
83 64.6300000000 3.670000 -1.330000
84 19.6300000000 -1.330000 3.670000
85 55.8800000000 -0.080000 -0.080000
86 0.8800000000 4.920000 4.920000
87 78.3800000000 2.420000 -2.580000
88 33.3800000000 -2.580000 2.420000
89 77.7000000000 -3.200000 -1.950000
90 22.7000000000 1.800000 3.050000
91 95.2000000000 4.300000 -4.450000
92 50.2000000000 -0.700000 0.550000
93 88.9500000000 -1.950000 -3.200000
94 33.9500000000 3.050000 1.800000
95 61.4500000000 0.550000 -0.700000
96 16.4500000000 -4.450000 4.300000
97 96.3100000000 -4.610000 -3.670000
98 41.3100000000 0.390000 1.330000
99 63.8100000000 2.890000 -1.170000
100 18.8100000000 -2.110000 3.830000
101 80.0600000000 -0.860000 -2.420000
102 25.0600000000 4.140000 2.580000
103 102.5600000000 1.640000 -4.920000
104 57.5600000000 -3.360000 0.080000
105 63.2300000000 -2.730000 -0.550000
106 8.2300000000 2.270000 4.450000
107 80.7300000000 4.770000 -3.050000
108 35.7300000000 -0.230000 1.950000
109 99.4800000000 -1.480000 -4.300000
110 44.4800000000 3.520000 0.700000
111 71.9800000000 1.020000 -1.800000
112 26.9800000000 -3.980000 3.200000
113 74.1000000000 -4.300000 -1.480000
114 19.1000000000 0.700000 3.520000
115 91.6000000000 3.200000 -3.980000
116 46.6000000000 -1.800000 1.020000
117 82.8500000000 -0.550000 -2.730000
118 27.8500000000 4.450000 2.270000
119 55.3500000000 1.950000 -0.230000
120 10.3500000000 -3.050000 4.770000
121 104.7700000000 -3.670000 -4.610000
122 49.7700000000 1.330000 0.390000
123 72.2700000000 3.830000 -2.110000
124 27.2700000000 -1.170000 2.890000
125 66.0200000000 -2.420000 -0.860000
126 11.0200000000 2.580000 4.140000
127 88.5200000000 0.080000 -3.360000
128 43.5200000000 -4.920000 1.640000
129 76.6800000000 -4.880000 -1.680000
130 21.6800000000 0.120000 3.320000
131 94.1800000000 2.620000 -4.180000
132 49.1800000000 -2.380000 0.820000
133 85.4300000000 -1.130000 -2.930000
134 30.4300000000 3.870000 2.070000
135 57.9300000000 1.370000 -0.430000
136 12.9300000000 -3.630000 4.570000
137 106.0100000000 -3.010000 -4.800000
138 51.0100000000 1.990000 0.200000
139 73.5100000000 4.490000 -2.300000
140 28.5100000000 -0.510000 2.700000
141 67.2600000000 -1.760000 -1.050000
142 12.2600000000 3.240000 3.950000
143 89.7600000000 0.740000 -3.550000
144 44.7600000000 -4.260000 1.450000
145 91.3500000000 -3.950000 -3.240000
146 36.3500000000 1.050000 1.760000
147 58.8500000000 3.550000 -0.740000
148 13.8500000000 -1.450000 4.260000
149 75.1000000000 -0.200000 -1.990000
150 20.1000000000 4.800000 3.010000
151 97.6000000000 2.300000 -4.490000
152 52.6000000000 -2.700000 0.510000
153 59.5200000000 -3.320000 -0.120000
154 4.5200000000 1.680000 4.880000
155 77.0200000000 4.180000 -2.620000
156 32.0200000000 -0.820000 2.380000
157 95.7700000000 -2.070000 -3.870000
158 40.7700000000 2.930000 1.130000
159 68.2700000000 0.430000 -1.370000
160 23.2700000000 -4.570000 3.630000
161 102.8100000000 -4.410000 -4.340000
162 47.8100000000 0.590000 0.660000
163 70.3100000000 3.090000 -1.840000
164 25.3100000000 -1.910000 3.160000
165 61.5600000000 -0.660000 -0.590000
166 6.5600000000 4.340000 4.410000
167 84.0600000000 1.840000 -3.090000
168 39.0600000000 -3.160000 1.910000
169 82.1400000000 -2.540000 -2.460000
170 27.1400000000 2.460000 2.540000
171 99.6400000000 4.960000 -4.960000
172 54.6400000000 -0.040000 0.040000
173 93.3900000000 -1.290000 -3.710000
174 38.3900000000 3.710000 1.290000
175 65.8900000000 1.210000 -1.210000
176 20.8900000000 -3.790000 3.790000
177 68.1000000000 -4.100000 -0.900000
178 13.1000000000 0.900000 4.100000
179 85.6000000000 3.400000 -3.400000
180 40.6000000000 -1.600000 1.600000
181 101.8500000000 -0.350000 -4.650000
182 46.8500000000 4.650000 0.350000
183 74.3500000000 2.150000 -2.150000
184 29.3500000000 -2.850000 2.850000
185 86.1800000000 -3.480000 -2.770000
186 31.1800000000 1.520000 2.230000
187 53.6800000000 4.020000 -0.270000
188 8.6800000000 -0.980000 4.730000
189 72.4300000000 -2.230000 -1.520000
190 17.4300000000 2.770000 3.480000
191 94.9300000000 0.270000 -4.020000
192 49.9300000000 -4.730000 0.980000
193 89.9000000000 -4.800000 -3.010000
194 34.9000000000 0.200000 1.990000
195 57.4000000000 2.700000 -0.510000
196 12.4000000000 -2.300000 4.490000
197 73.6500000000 -1.050000 -1.760000
198 18.6500000000 3.950000 3.240000
199 96.1500000000 1.450000 -4.260000
200 51.1500000000 -3.550000 0.740000
201 69.2300000000 -2.930000 -1.130000
202 14.2300000000 2.070000 3.870000
203 86.7300000000 4.570000 -3.630000
204 41.7300000000 -0.430000 1.370000
205 105.4800000000 -1.680000 -4.880000
206 50.4800000000 3.320000 0.120000
207 77.9800000000 0.820000 -2.380000
208 32.9800000000 -4.180000 2.620000
209 79.5700000000 -3.870000 -2.070000
210 24.5700000000 1.130000 2.930000
211 97.0700000000 3.630000 -4.570000
212 52.0700000000 -1.370000 0.430000
213 88.3200000000 -0.120000 -3.320000
214 33.3200000000 4.880000 1.680000
215 60.8200000000 2.380000 -0.820000
216 15.8200000000 -2.620000 4.180000
217 97.7400000000 -3.240000 -3.950000
218 42.7400000000 1.760000 1.050000
219 65.2400000000 4.260000 -1.450000
220 20.2400000000 -0.740000 3.550000
221 58.9900000000 -1.990000 -0.200000
222 3.9900000000 3.010000 4.800000
223 81.4900000000 0.510000 -2.700000
224 36.4900000000 -4.490000 2.300000
225 63.1500000000 -4.650000 -0.350000
226 8.1500000000 0.350000 4.650000
227 80.6500000000 2.850000 -2.850000
228 35.6500000000 -2.150000 2.150000
229 96.9000000000 -0.900000 -4.100000
230 41.9000000000 4.100000 0.900000
231 69.4000000000 1.600000 -1.600000
232 24.4000000000 -3.400000 3.400000
233 92.5700000000 -2.770000 -3.480000
234 37.5700000000 2.230000 1.520000
235 60.0700000000 4.730000 -0.980000
236 15.0700000000 -0.270000 4.020000
237 78.8200000000 -1.520000 -2.230000
238 23.8200000000 3.480000 2.770000
239 101.3200000000 0.980000 -4.730000
240 56.3200000000 -4.020000 0.270000
241 103.4400000000 -4.340000 -4.410000
242 48.4400000000 0.660000 0.590000
243 70.9400000000 3.160000 -1.910000
244 25.9400000000 -1.840000 3.090000
245 62.1900000000 -0.590000 -0.660000
246 7.1900000000 4.410000 4.340000
247 84.6900000000 1.910000 -3.160000
248 39.6900000000 -3.090000 1.840000
249 71.6100000000 -3.710000 -1.290000
250 16.6100000000 1.290000 3.710000
251 89.1100000000 3.790000 -3.790000
252 44.1100000000 -1.210000 1.210000
253 82.8600000000 -2.460000 -2.540000
254 27.8600000000 2.540000 2.460000
255 55.3600000000 0.040000 -0.040000
256 10.3600000000 -4.960000 4.960000
257 60.1400000000 -4.940000 -0.020000
258 5.1400000000 0.060000 4.980000
259 77.6400000000 2.560000 -2.520000
260 32.6400000000 -2.440000 2.480000
261 93.8900000000 -1.190000 -3.770000
262 38.8900000000 3.810000 1.230000
263 66.3900000000 1.310000 -1.270000
264 21.3900000000 -3.690000 3.730000
265 89.4700000000 -3.070000 -3.140000
266 34.4700000000 1.930000 1.860000
267 56.9700000000 4.430000 -0.640000
268 11.9700000000 -0.570000 4.360000
269 75.7200000000 -1.820000 -1.890000
270 20.7200000000 3.180000 3.110000
271 98.2200000000 0.680000 -4.390000
272 53.2200000000 -4.320000 0.610000
273 106.1000000000 -4.000000 -4.710000
274 51.1000000000 1.000000 0.290000
275 73.6000000000 3.500000 -2.210000
276 28.6000000000 -1.500000 2.790000
277 64.8500000000 -0.250000 -0.960000
278 9.8500000000 4.750000 4.040000
279 87.3500000000 2.250000 -3.460000
280 42.3500000000 -2.750000 1.540000
281 74.1800000000 -3.380000 -1.580000
282 19.1800000000 1.620000 3.420000
283 91.6800000000 4.120000 -4.080000
284 46.6800000000 -0.880000 0.920000
285 85.4300000000 -2.130000 -2.830000
286 30.4300000000 2.870000 2.170000
287 57.9300000000 0.370000 -0.330000
288 12.9300000000 -4.630000 4.670000
289 86.2700000000 -4.470000 -2.680000
290 31.2700000000 0.530000 2.320000
291 53.7700000000 3.030000 -0.180000
292 8.7700000000 -1.970000 4.820000
293 70.0200000000 -0.720000 -1.430000
294 15.0200000000 4.280000 3.570000
295 92.5200000000 1.780000 -3.930000
296 47.5200000000 -3.220000 1.070000
297 65.6000000000 -2.600000 -0.800000
298 10.6000000000 2.400000 4.200000
299 83.1000000000 4.900000 -3.300000
300 38.1000000000 -0.100000 1.700000
