evaluations raw_y x0 x1
1 58016187344.0944671631 -5.000000 -5.000000
2 253803652.5352715850 0.000000 0.000000
3 4992018968.3250703812 2.500000 -2.500000
4 3573583.5188084594 -2.500000 2.500000
5 1217341304.9716291428 -1.250000 -1.250000
6 36271.0200127799 3.750000 3.750000
7 17899794623.6426124573 1.250000 -3.750000
8 39346989.3760048971 -3.750000 1.250000
9 2496453837.3981661797 -3.120000 -1.880000
10 694019.1010220966 1.880000 3.120000
11 33184946983.3720436096 4.380000 -4.380000
12 105950297.9140339047 -0.620000 0.620000
13 9432373462.3123168945 -1.880000 -3.120000
14 13524758.5706527885 3.120000 1.880000
15 569187773.7508069277 0.620000 -0.620000
16 164953.0064921759 -4.380000 4.380000
17 377047547.6591560841 -4.060000 -0.310000
18 475671.6535033407 0.940000 4.690000
19 6941661790.4954738617 3.440000 -2.810000
20 7113163.6263715578 -1.560000 2.190000
21 24136297740.5313224792 -0.310000 -4.060000
22 66984012.2601367533 4.690000 0.940000
23 1764360628.5838165283 2.190000 -1.560000
24 186866.9541241829 -2.810000 3.440000
25 12996379578.9636783600 -3.440000 -3.440000
26 23928789.4055287801 1.560000 1.560000
27 854163387.9071059227 4.060000 -0.940000
28 4766.2049792713 -0.940000 4.060000
29 3526329698.0054607391 -2.190000 -2.190000
30 1737973.0355408210 2.810000 2.810000
31 44034449539.4253921509 0.310000 -4.690000
32 162742019.0273709595 -4.690000 0.310000
33 4123681241.7499928474 -4.530000 -2.340000
34 2496594.8925066413 0.470000 2.660000
35 50962853926.9699172974 2.970000 -4.840000
36 202573823.1464352310 -2.030000 0.160000
37 15200351137.3048381805 -0.780000 -3.590000
38 31373686.8127996288 4.220000 1.410000
39 1015846575.9821982384 1.720000 -1.090000
40 2200.5507759722 -3.280000 3.910000
41 28002381705.8317680359 -2.660000 -4.220000
42 84580814.2009040713 2.340000 0.780000
43 2133790853.3465623856 4.840000 -1.720000
44 384326.3612362388 -0.160000 3.280000
45 467595057.2789720297 -1.410000 -0.470000
46 266812.6795391004 3.590000 4.530000
47 8146277102.9733591080 1.090000 -2.970000
48 9686377.1130058002 -3.910000 2.030000
49 5809689984.4717960358 -4.220000 -2.660000
50 5259837.0567584466 0.780000 2.340000
51 317897052.3423221707 3.280000 -0.160000
52 727446.4827715176 -1.720000 4.840000
53 1471854425.0641067028 -0.470000 -1.410000
54 106174.7236214732 4.530000 3.590000
55 20981039926.3711929321 2.030000 -3.910000
56 51151290.5960878357 -2.970000 1.090000
57 685104411.4287534952 -3.590000 -0.780000
58 47249.4527084867 1.410000 4.220000
59 11268942651.2835216522 3.910000 -3.280000
60 17738005.7742695920 -1.090000 1.720000
61 37646935255.3114013672 -2.340000 -4.530000
62 133473058.7021985054 2.660000 0.470000
63 2977468042.3650341034 0.160000 -2.030000
64 1014753.7387247008 -4.840000 2.970000
65 914989144.7914112806 -4.770000 -1.020000
66 187.7076595010 0.230000 3.980000
67 14301889834.3453388214 2.730000 -3.520000
68 26934291.5462938398 -2.270000 1.480000
69 47305079523.0455627441 -1.020000 -4.770000
70 188140532.0373919904 3.980000 0.230000
71 3886787999.3784718513 1.480000 -2.270000
72 2011051.3039875978 -3.520000 2.730000
73 7419730006.7885913849 -2.890000 -2.890000
74 8590604.0295216274 2.110000 2.110000
75 430846251.0997093916 4.610000 -0.390000
76 379823.0204845488 -0.390000 4.610000
77 1911698607.3186211586 -1.640000 -1.640000
78 300171.1412072547 3.360000 3.360000
79 26149979945.3896522522 0.860000 -4.140000
80 72846064.8465121239 -4.140000 0.860000
81 19122361690.8517875671 -3.830000 -3.830000
82 45884876.5987489000 1.170000 1.170000
83 1357622656.4112432003 3.670000 -1.330000
84 53286.0243261968 -1.330000 3.670000
85 282460297.5284055471 -0.080000 -0.080000
86 809863.3897597203 4.920000 4.920000
87 5434335642.6371059418 2.420000 -2.580000
88 4291039.5084894346 -2.580000 2.420000
89 2698699852.9494404793 -3.200000 -1.950000
90 865259.6770607263 1.800000 3.050000
91 35458157731.9641571045 4.300000 -4.450000
92 117319531.6422304809 -0.700000 0.550000
93 10233821417.0008659363 -1.950000 -3.200000
94 15692025.6456749253 3.050000 1.800000
95 628873265.3564608097 0.550000 -0.700000
96 106600.5123546790 -4.450000 4.300000
97 16299624779.1366424561 -4.610000 -3.670000
98 35184345.9013799056 0.390000 1.330000
99 1121579502.3833177090 2.890000 -1.170000
100 11362.6366137263 -2.110000 3.830000
101 4540490281.5178976059 -0.860000 -2.420000
102 3133623.0277808886 4.140000 2.580000
103 54717427925.1513671875 1.640000 -4.920000
104 224917044.2102771997 -3.360000 0.080000
105 515326628.2429419756 -2.730000 -0.550000
106 196330.3488782385 2.270000 4.450000
107 8931918331.9511642456 4.770000 -3.050000
108 11595593.3693318274 -0.230000 1.950000
109 30319017046.1854858398 -1.480000 -4.300000
110 95788331.0427345634 3.520000 0.700000
111 2309559914.4136981964 1.020000 -1.800000
112 483944.5207441506 -3.980000 3.200000
113 1578094649.5281143188 -4.300000 -1.480000
114 138102.2704683112 0.700000 3.520000
115 22526160477.8819770813 3.200000 -3.980000
116 57445639.3461448103 -1.800000 1.020000
117 6316215226.4442720413 -0.550000 -2.730000
118 6279454.2600152111 4.450000 2.270000
119 346898206.1465729475 1.950000 -0.230000
120 623338.1753931161 -3.050000 4.770000
121 40467955952.4013595581 -3.670000 -4.610000
122 148812821.0350210667 1.330000 0.390000
123 3285608335.7746710777 3.830000 -2.110000
124 1337490.5824298467 -1.170000 2.890000
125 758857242.1255902052 -2.420000 -0.860000
126 17315.8216415368 2.580000 4.140000
127 12098904696.2894306183 0.080000 -3.360000
128 20053836.1021134220 -4.920000 1.640000
129 1981857578.8624997139 -4.880000 -1.680000
130 331098.9303281091 0.120000 3.320000
131 27292708774.1796188354 2.620000 -4.180000
132 78020623.5949347466 -2.380000 0.820000
133 7770371477.1388816833 -1.130000 -2.930000
134 9414403.6677515414 3.870000 2.070000
135 448519290.8697578907 1.370000 -0.430000
136 350944.7377361830 -3.630000 4.570000
137 48420752321.2023544312 -3.010000 -4.800000
138 194636725.5073197484 1.990000 0.200000
139 4048832647.6883664131 4.490000 -2.300000
140 2237160.6787367892 -0.510000 2.700000
141 957727157.2432025671 -1.760000 -1.050000
142 2228.5942443206 3.240000 3.950000
143 14662692552.6907100677 0.740000 -3.550000
144 28064976.6333367266 -4.260000 1.450000
145 10604308278.9130554199 -3.950000 -3.240000
146 16693738.3606869336 1.050000 1.760000
147 667411056.0791023970 3.550000 -0.740000
148 73750.4166953178 -1.450000 4.260000
149 2845589685.2535462379 -0.200000 -1.990000
150 1014400.6872095274 4.800000 3.010000
151 36651810279.8104858398 2.300000 -4.490000
152 123319654.7432958931 -2.700000 0.510000
153 294460857.5031142235 -3.320000 -0.120000
154 767395.3450272310 1.680000 4.880000
155 5696536719.4080352783 4.180000 -2.620000
156 4758522.1054049442 -0.820000 2.380000
157 19973703387.3624572754 -2.070000 -3.870000
158 49330216.4089938775 2.930000 1.130000
159 1408660065.0172677040 0.430000 -1.370000
160 62088.8430463364 -4.570000 3.630000
161 31278827730.7503776550 -4.410000 -4.340000
162 100392487.8982173949 0.590000 0.660000
163 2430196004.7636423111 3.090000 -1.840000
164 574858.6835549864 -1.910000 3.160000
165 545791054.3414645195 -0.660000 -0.590000
166 154314.4911944474 4.340000 4.410000
167 9235607118.4025249481 1.840000 -3.090000
168 12295864.3882006444 -3.160000 1.910000
169 4717755634.9730567932 -2.540000 -2.460000
170 3394205.5115830656 2.460000 2.540000
171 57217056322.9483718872 4.960000 -4.960000
172 240417751.5335076451 -0.040000 0.040000
173 17098742170.5824069977 -1.290000 -3.710000
174 38210197.2446881384 3.710000 1.290000
175 1169957207.4473168850 1.210000 -1.210000
176 16389.8266836061 -3.790000 3.790000
177 792617212.4876710176 -4.100000 -0.900000
178 9981.8566975451 0.900000 4.100000
179 12703196760.9559555054 3.400000 -3.400000
180 21928990.0852820799 -1.600000 1.600000
181 42348137422.8423995972 -0.350000 -4.650000
182 159523448.3013968468 4.650000 0.350000
183 3416699961.7941813469 2.150000 -2.150000
184 1467878.0051777551 -2.850000 2.850000
185 6535698692.6018018723 -3.480000 -2.770000
186 6688082.1243644729 1.520000 2.230000
187 368162393.8860018849 4.020000 -0.270000
188 546458.3393853544 -0.980000 4.730000
189 1662994885.8759260178 -2.230000 -1.520000
190 176551.9815995431 2.770000 3.480000
191 23251258488.9991226196 0.270000 -4.020000
192 60352016.8812241256 -4.730000 0.980000
193 8359821561.2409992218 -4.800000 -3.010000
194 10759803.3040082566 0.200000 1.990000
195 498904010.6167777777 2.700000 -0.510000
196 255826.5270740509 -2.300000 4.490000
197 2194481562.4433331490 -1.050000 -1.760000
198 476517.6203507585 3.950000 3.240000
199 29387122759.0137634277 1.450000 -4.260000
200 87586779.0789033622 -3.550000 0.740000
201 1050229193.2927602530 -2.930000 -1.130000
202 9293.7467846960 2.070000 3.870000
203 16030017177.3360404968 4.570000 -3.630000
204 32776070.8550046980 -0.430000 1.370000
205 52321271016.6935806274 -1.680000 -4.880000
206 218333761.9190937579 3.320000 0.120000
207 4369472951.2144632339 0.820000 -2.380000
208 2640451.8011466144 -4.180000 2.620000
209 3076570522.2971205711 -3.870000 -2.070000
210 1225725.6140345172 1.130000 2.930000
211 39650983325.4864654541 3.630000 -4.570000
212 139085798.5110003054 -1.370000 0.430000
213 11613981835.2830448151 -0.120000 -3.320000
214 19714596.8774966076 4.880000 1.680000
215 733806230.4428720474 2.380000 -0.820000
216 38963.8646655296 -2.620000 4.180000
217 21535075881.3864173889 -3.240000 -3.950000
218 55697265.3409795016 1.760000 1.050000
219 1563904771.2709741592 4.260000 -1.450000
220 113521.5204238651 -0.740000 3.550000
221 328891745.9306362867 -1.990000 -0.200000
222 623165.5535522380 3.010000 4.800000
223 6137440562.7308607101 0.510000 -2.700000
224 5513947.6022333922 -4.490000 2.300000
225 396323185.4413336515 -4.650000 -0.350000
226 425913.9460992808 0.350000 4.650000
227 7226040093.1722803116 2.850000 -2.850000
228 7693930.8338954467 -2.150000 2.150000
229 25052434412.4200477600 -0.900000 -4.100000
230 71043488.7049880475 4.100000 0.900000
231 1843868224.8635559082 1.600000 -1.600000
232 221169.2732596222 -3.400000 3.400000
233 13551403001.4664974213 -2.770000 -3.480000
234 25740767.2731976360 2.230000 1.520000
235 898457529.8310892582 4.730000 -0.980000
236 661.3172493359 -0.270000 4.020000
237 3690482637.8916473389 -1.520000 -2.230000
238 1943813.1849659909 3.480000 2.770000
239 45785175560.6078109741 0.980000 -4.730000
240 172582169.9621168375 -4.020000 0.270000
241 33440972472.3242568970 -4.340000 -4.410000
242 111294372.4973383099 0.660000 0.590000
243 2628541273.3498663902 3.160000 -1.910000
244 726188.1926543957 -1.840000 3.090000
245 596027221.9584239721 -0.590000 -0.660000
246 104000.1677210673 4.410000 4.340000
247 9923170922.9942226410 1.910000 -3.160000
248 14046969.4297167081 -3.090000 1.840000
249 1266506007.9679515362 -3.710000 -1.290000
250 44337.4709950508 1.290000 3.710000
251 18736002056.6897048950 3.790000 -3.790000
252 42523922.0324443802 -1.210000 1.210000
253 5139701612.7979049683 -2.460000 -2.540000
254 4084527.5156530752 2.540000 2.460000
255 267862020.5478863716 0.040000 -0.040000
256 978146.0286336342 -4.960000 4.960000
257 256065139.6726066768 -4.940000 -0.020000
258 968368.5935479841 0.060000 4.980000
259 5100439240.9444856644 2.560000 -2.520000
260 3745387.6494921842 -2.440000 2.480000
261 18145536722.2486267090 -1.190000 -3.770000
262 42168233.9268170819 3.810000 1.230000
263 1256217596.8793420792 1.310000 -1.270000
264 29958.1570876330 -3.690000 3.730000
265 9597801933.8662128448 -3.070000 -3.140000
266 13942617.1470237058 1.930000 1.860000
267 591050812.0099511147 4.430000 -0.640000
268 134832.4488727705 -0.570000 4.360000
269 2534000614.0411973000 -1.820000 -1.890000
270 729857.1996437249 3.180000 3.110000
271 33207048561.4060592651 0.680000 -4.390000
272 105886526.0890056938 -4.320000 0.610000
273 44414586022.0910339355 -4.000000 -4.710000
274 171100092.5209343433 1.000000 0.290000
275 3661859849.3188281059 3.500000 -2.210000
276 1752828.7368459385 -1.500000 2.790000
277 863211453.7853101492 -0.250000 -0.960000
278 462.8532694308 4.750000 4.040000
279 13452488470.7874794006 2.250000 -3.460000
280 24213791.0471543707 -2.750000 1.540000
281 1775705632.2990739346 -3.380000 -1.580000
282 225568.3372539594 1.620000 3.420000
283 24874804794.8248672485 4.120000 -4.080000
284 67395035.5934886634 -0.880000 0.920000
285 6984129829.4459915161 -2.130000 -2.830000
286 7644684.0609275950 2.870000 2.170000
287 392972066.3293649554 0.370000 -0.330000
288 486335.9702908081 -4.630000 4.670000
289 5929686603.4416809082 -4.470000 -2.680000
290 5482810.9642953482 0.530000 2.320000
291 326098597.1242445707 3.030000 -0.180000
292 695802.3338380092 -1.970000 4.820000
293 1505334621.5320980549 -0.720000 -1.430000
294 117377.1358683361 4.280000 3.570000
295 21381287874.3497009277 1.780000 -3.930000
296 52741824.2982183173 -3.220000 1.070000
297 704495393.4992675781 -2.600000 -0.800000
298 37043.0540884332 2.400000 4.200000
299 11528593389.6495475769 4.900000 -3.300000
300 18495828.5522022992 -0.100000 1.700000
